0.690929 2.7204 88.2781
1.51151 2.58834 83.8725
2.40786 2.49309 79.4372
3.35421 2.36639 74.9444
4.52087 2.2963 69.1669
5.67952 2.12288 63.4116
6.57822 2.03779 58.8072
7.49213 1.92897 54.2605
8.43212 1.79911 49.7196
9.30226 1.69998 45.2746
10.4406 1.5326 39.7456
11.3654 1.41622 35.342
12.5744 1.29055 30.0263
13.5151 1.19078 25.7668
14.2182 1.12067 22.6153
15.0802 0.990506 18.5266
15.8216 0.905965 14.6536
16.3387 0.841537 11.8678
16.9814 0.750896 8.35171
17.8276 0.648624 3.60831
18.2892 0.521012 -0.583428
17.9447 0.369333 -4.49537
16.9614 0.269791 -7.28316
14.9236 0.186695 -10.1432
11.3172 0.0940098 -12.7574
6.9382 -0.0519194 -16.0761
3.24264 -0.0644602 -19.1889
0.353442 -0.198391 -21.6257
-2.95772 -0.319638 -23.6457
-6.08535 -0.418264 -24.4675
-10.2151 -0.470817 -24.3375
-14.3766 -0.448705 -23.0405
-17.8796 -0.42252 -21.2299
-20.7869 -0.408062 -19.4152
-23.127 -0.387642 -17.9193
-26.539 -0.352753 -15.5842
-29.2495 -0.314612 -13.7544
-32.9383 -0.288704 -11.2181
-35.8264 -0.251558 -9.23349
-38.8249 -0.231917 -7.24602
-41.8569 -0.216915 -5.11529
-44.8859 -0.20329 -3.0603
-46.9611 -0.202345 -1.64752
-50.1138 -0.161422 0.498889
-54.3157 -0.14848 3.32461
-57.5204 -0.149961 5.46556
-61.8209 -0.155442 8.26241
-65.0644 -0.14042 10.3895
-68.3672 -0.125723 12.5796
-71.6439 -0.0997477 14.7662
-74.8778 -0.109432 16.9527
-78.0862 -0.101339 19.124
-81.3091 -0.0956912 21.2858
-84.6102 -0.0866024 23.4833
-86.6916 -0.0726624 24.9109
-88.8062 -0.108564 26.3409
-92.0143 -0.122519 28.5066
-95.2133 -0.145258 30.6846
-98.4272 -0.14425 32.8363
-101.607 -0.136558 34.985
-104.814 -0.113134 37.1275
-107.998 -0.0955457 39.2669
-111.172 -0.0733985 41.3527
-114.403 -0.0843472 43.4546
-117.663 -0.0473038 45.6645
-120.88 -0.0403956 47.8093
-124.056 -0.0199355 49.9144
-127.311 0.0365188 52.0732
-130.493 0.0442569 54.1962
-134.75 0.0337898 57.0473
-137.975 0.0474282 59.2744
-142.262 0.0731027 62.2129
-146.551 0.0615549 65.0698
-149.777 0.0332855 67.2971
-154.141 0.00698507 70.2279
-157.354 0.00322517 72.3442
-159.527 0.0286344 73.7372
-162.809 -0.00731241 75.8967
-166.041 -0.0061381 78.0393
-169.262 -0.0185035 80.2445
-172.412 -0.0413093 82.4288
-175.537 -0.0386002 84.6261
-178.587 -0.0327914 86.8603
-182.644 -0.0122179 89.993
-185.569 -0.0115395 92.2913
-188.456 -5.24483e-05 94.6238
-192.234 -0.0273091 97.8023
-195.918 -0.0719144 101.001
-199.435 -0.116254 104.169
-202.005 -0.155366 106.517
-204.566 -0.176279 109.015
-207.109 -0.176235 111.573
-209.662 -0.183568 114.132
-212.211 -0.200119 116.746
-214.743 -0.22267 119.407
-217.209 -0.238629 122.045
-218.826 -0.224863 123.832
-220.449 -0.200556 125.618
-222.849 -0.212819 128.396
-225.185 -0.208201 131.126
-227.463 -0.207554 133.938
-230.403 -0.210231 137.546
-232.566 -0.213976 140.37
-234.666 -0.20369 143.141
-236.02 -0.235596 144.964
-237.403 -0.237419 146.895
-239.445 -0.216076 149.782
-240.796 -0.244189 151.719
-242.132 -0.250889 153.655
-243.455 -0.271376 155.645
-244.731 -0.292978 157.649
-246.024 -0.294831 159.672
-247.304 -0.298953 161.684
-249.194 -0.334381 164.763
-251.063 -0.348535 167.914
-252.846 -0.401831 171.09
-254.656 -0.420617 174.25
-257.028 -0.451517 178.511
-258.823 -0.459392 181.765
-260.549 -0.499335 185.04
-262.241 -0.515194 188.276
-263.865 -0.537904 191.546
-265.397 -0.575127 194.759
-266.977 -0.607571 198.132
-268.461 -0.622607 201.416
-269.944 -0.660027 204.751
-270.91 -0.677286 206.979
-272.298 -0.730334 210.396
-273.614 -0.782424 213.848
-274.465 -0.802876 216.03
-275.279 -0.82196 218.319
-276.437 -0.868734 221.796
-277.577 -0.912335 225.228
-278.29 -0.932145 227.459
-278.971 -0.945675 229.734
-279.643 -0.958273 231.998
-280.59 -0.993677 235.395
-281.485 -1.03185 238.745
-282.073 -1.06881 240.971
-282.642 -1.09244 243.218
-283.487 -1.1215 246.556
-284.267 -1.1644 249.855
-285.006 -1.18921 253.151
-285.722 -1.20595 256.442
-286.381 -1.24754 259.725
-286.992 -1.27244 263.014
-287.379 -1.30085 265.302
-287.919 -1.36943 268.756
-288.425 -1.41099 272.175
-288.866 -1.44262 275.676
-289.257 -1.49073 279.145
-289.626 -1.49647 282.656
-289.908 -1.55846 286.235
-290.168 -1.60947 289.745
-290.406 -1.66863 293.169
-290.608 -1.68882 296.496
-290.811 -1.74116 299.651
-291.003 -1.79834 303.645
-291.15 -1.83906 306.43
-291.138 -1.8824 309.851
-290.855 -1.95409 312.805
-290.252 -2.01249 315.488
-289.304 -2.07254 317.774
-287.324 -2.08779 320.185
-283.884 -2.1691 321.986
-279.303 -2.30678 322.051
-273.414 -2.4397 322.405
-269.787 -2.51508 322.921
-266.574 -2.58654 322.924
-262.957 -2.64652 322.479
-259.134 -2.70115 322.011
-256.184 -2.7661 321.922
-252.823 -2.85083 322.002
-249.103 -2.91602 322.187
-245.166 -2.98907 322.362
-240.957 -3.10106 322.666
-237.668 -3.1907 322.98
-234.331 -3.2588 323.324
-229.831 -3.36213 323.837
-226.448 -3.45148 324.235
-221.886 -3.55662 324.792
-217.397 -3.6516 325.412
-214.147 -3.72353 325.932
-211.949 -3.78308 326.273
-207.647 -3.84813 326.944
-203.408 -3.9026 327.71
-198.301 -3.95727 328.811
-194.097 -4.01291 329.65
-189.896 -4.11741 330.541
-185.597 -4.20915 331.469
-181.248 -4.27453 332.362
-177.929 -4.3617 332.986
-174.556 -4.41233 333.577
-172.351 -4.44738 334.006
-170.086 -4.50352 334.417
-166.629 -4.55442 335.008
-163.27 -4.60677 335.606
-158.661 -4.69265 336.198
-154.016 -4.80098 336.824
-149.396 -4.87903 337.46
-144.786 -4.91025 338.188
-140.341 -5.02335 339.155
-137.162 -5.12611 339.762
-134.277 -5.25772 340.411
-131.525 -5.34099 341.079
-127.16 -5.37925 342.206
-122.122 -5.44989 343.408
-117.917 -5.55245 344.031
-112.362 -5.67034 344.897
-108.428 -5.78292 345.51
-104.332 -5.9023 346.215
-100.134 -6.01832 346.988
-95.9041 -6.15003 347.847
-92.7494 -6.2304 348.458
-88.4587 -6.36235 349.261
-85.2156 -6.4484 349.837
-82.0435 -6.5731 350.422
-78.885 -6.6721 351.008
-75.8534 -6.77216 351.605
-71.0192 -6.9579 352.573
-66.6328 -7.04578 353.556
-64.239 -7.10022 354.226
-61.9976 -7.14084 354.878
-58.6715 -7.23758 355.893
-56.3086 -7.29786 356.662
-54.5982 -7.36296 357.124
-53.0029 -7.44714 357.36
-50.5309 -7.58314 356.98
-48.5246 -7.69026 355.783
-46.3296 -7.72589 351.64
-45.2314 -7.76078 346.006
-44.4443 -7.78588 341.103
-43.4609 -7.81825 335.46
-42.6851 -7.83734 331.35
-41.8538 -7.87272 326.989
-41.2351 -7.89439 323.52
-40.3401 -7.88897 318.818
-39.6952 -7.92469 315.144
-38.8005 -7.98678 310.263
-38.122 -8.01222 306.508
-37.4414 -8.02362 302.721
-36.9907 -8.04182 300.241
-36.3144 -8.08153 296.454
-35.4439 -8.09322 291.52
-34.5768 -8.11724 286.612
-33.9276 -8.13409 282.929
-33.2704 -8.1322 279.279
-32.3918 -8.16587 274.376
-31.6847 -8.19103 270.706
-31.0158 -8.2019 267.085
-30.3731 -8.24239 263.457
-29.5484 -8.31771 258.761
-28.9609 -8.3294 255.358
-28.2509 -8.37453 251.009
-27.6028 -8.45899 246.98
-26.826 -8.52613 242.364
-26.3239 -8.55977 239.059
-25.7722 -8.6037 235.372
-24.7987 -8.65138 231.828
-23.1627 -8.75339 229.322
-20.6258 -8.80755 227.671
-14.7756 -8.83225 227.322
-10.4916 -8.94257 228.14
-7.52855 -8.9541 228.761
-4.26266 -9.02102 229.457
-0.698138 -9.0868 230.253
2.16015 -9.13757 230.892
5.14802 -9.18848 231.554
9.24186 -9.25489 232.431
13.446 -9.30338 233.241
15.521 -9.34329 233.627
18.7078 -9.38469 234.215
21.9336 -9.44522 234.848
25.1814 -9.53569 235.443
28.2599 -9.63614 236.007
31.1572 -9.67989 236.531
34.8134 -9.77252 237.221
39.7641 -9.90346 238.035
42.7104 -9.97297 238.503
46.5019 -10.0715 239.153
48.1014 -10.1253 239.452
49.6892 -10.1955 239.635
51.1486 -10.2477 239.681
53.0645 -10.3676 239.344
54.3911 -10.4521 238.821
55.9871 -10.4927 237.714
57.4682 -10.5617 235.894
58.3882 -10.5462 233.578
59.1049 -10.5943 230.398
59.4648 -10.6207 228.302
59.737 -10.6298 226.727
60.362 -10.6636 224.258
61.3703 -10.7152 221.933
62.794 -10.8042 219.86
64.6145 -10.9046 218.297
66.7001 -11.0085 217.289
69.3692 -11.2034 216.854
72.6753 -11.3643 216.967
76.7203 -11.5917 217.479
79.5955 -11.7 217.96
81.1861 -11.7615 218.261
82.8504 -11.8235 218.556
85.4946 -11.9164 219.068
88.2411 -12.0406 219.552
91.0694 -12.1384 220.027
94.8283 -12.2925 220.678
97.6773 -12.3646 221.194
101.594 -12.4896 221.919
104.469 -12.5917 222.429
108.385 -12.7709 223.121
111.329 -12.9112 223.605
114.312 -13.0126 224.05
119.072 -13.2264 224.736
123.39 -13.413 225.333
127.906 -13.632 226.117
131.107 -13.7586 226.844
134.312 -13.882 228.075
137.052 -14.0477 230.187
138.314 -14.0989 232.025
138.891 -14.1078 233.572
139.126 -14.132 234.818
139.226 -14.144 236.633
138.798 -14.1313 239.654
138.322 -14.0764 242.006
137.947 -14.0568 243.994
137.37 -13.9886 247
136.814 -13.8964 250.296
136.384 -13.8609 252.953
136.092 -13.8244 254.823
135.94 -13.8099 255.792
135.629 -13.7815 257.76
135.143 -13.7733 260.81
134.655 -13.7392 263.98
134.162 -13.7025 267.189
133.622 -13.6961 270.417
133.092 -13.7055 273.725
132.418 -13.6274 278.101
131.714 -13.6186 282.518
130.992 -13.5366 287.067
130.016 -13.5046 292.812
129.234 -13.4168 297.389
128.481 -13.3608 302.049
127.708 -13.3116 306.692
127.194 -13.3021 310.137
126.652 -13.3041 313.593
125.894 -13.266 318.12
125.183 -13.2451 322.574
124.515 -13.2071 326.891
124.017 -13.1971 330.034
123.516 -13.1743 333.172
122.822 -13.1151 337.359
122.308 -13.0838 340.568
121.765 -13.0312 343.732
121.221 -12.9675 346.88
120.7 -12.9407 350.026
120.185 -12.9173 353.163
119.695 -12.8981 356.214
119.183 -12.8999 359.208
118.549 -12.9075 362.989
117.902 -12.8761 367.331
117.371 -12.8637 371.224
117.032 -12.8656 374.716
116.784 -12.8879 377.177
116.668 -12.9261 380.017
116.899 -12.9589 382.533
118.062 -13.0494 385.143
120.798 -13.1981 387.203
125.009 -13.393 388.337
128.766 -13.5709 388.876
132.134 -13.7236 389.268
135.785 -13.9004 389.723
138.693 -14.0481 390.136
141.736 -14.185 390.589
144.77 -14.36 391.052
146.844 -14.4835 391.368
149.962 -14.6672 391.875
153.157 -14.8455 392.392
155.293 -14.9603 392.732
158.531 -15.1121 393.243
161.797 -15.2839 393.782
165.075 -15.47 394.339
168.336 -15.6281 394.883
171.62 -15.7841 395.475
176.081 -15.9878 396.293
179.346 -16.1502 396.951
182.598 -16.2982 397.597
185.868 -16.4369 398.275
190.077 -16.6535 399.23
194.116 -16.8548 400.157
198.78 -17.1056 401.373
202.958 -17.3812 402.813
206.602 -17.582 404.359
210.169 -17.8327 406.623
213.276 -18.0682 409.714
214.734 -18.1693 412.18
215.314 -18.1551 415.453
214.103 -18.0043 419.311
211.671 -17.8199 422.474
208.773 -17.6491 425.451
206.162 -17.48 428.043
204.054 -17.3364 430.092
201.808 -17.1852 432.219
199.558 -17.0502 434.365
197.321 -16.9238 436.551
195.096 -16.7941 438.78
192.862 -16.6687 441.038
190.545 -16.5452 443.296
188.305 -16.4431 445.485
185.469 -16.2781 448.337
183.406 -16.1851 450.395
181.387 -16.0593 452.487
179.407 -15.9177 454.459
177.337 -15.8032 456.582
175.246 -15.6683 458.692
173.861 -15.5745 460.109
172.463 -15.4908 461.535
170.308 -15.3577 463.738
168.906 -15.27 465.15
167.53 -15.1855 466.586
165.475 -15.0417 468.731
163.434 -14.9038 470.911
162.058 -14.8301 472.38
160.724 -14.7564 473.817
159.418 -14.689 475.205
156.909 -14.5678 477.823
155.19 -14.4748 479.621
153.026 -14.3837 481.723
150.565 -14.277 483.803
149.191 -14.2224 484.695
146.619 -14.1008 485.57
142.168 -13.8655 485.014
138.289 -13.6247 482.553
135.143 -13.4162 479.897
131.831 -13.2024 477.181
129.354 -13.0384 475.345
126.75 -12.8657 473.544
123.359 -12.6208 471.386
120.515 -12.4454 469.749
117.586 -12.285 468.183
114.651 -12.1361 466.755
111.633 -11.9513 465.345
109.355 -11.8392 464.419
106.971 -11.7209 463.514
103.712 -11.554 462.431
99.5505 -11.3431 461.208
95.3416 -11.0958 460.131
91.8198 -10.9099 459.452
88.2466 -10.6766 458.806
84.6887 -10.4772 458.249
81.0021 -10.2825 457.722
76.3148 -10.0114 456.992
71.5557 -9.80202 456.316
68.714 -9.67782 455.875
65.798 -9.53377 455.434
62.9118 -9.38118 454.975
61.0069 -9.30372 454.689
60.046 -9.25964 454.54
57.2251 -9.13686 454.072
54.4045 -9.01566 453.667
51.6639 -8.86737 453.244
49.0085 -8.7292 452.808
44.8623 -8.54311 452.084
41.7599 -8.3946 451.574
37.6103 -8.21681 450.961
34.4956 -8.07215 450.53
31.7628 -7.96176 450.204
29.0415 -7.88821 449.598
27.5629 -7.83153 448.86
25.9852 -7.75461 447.414
24.9118 -7.62169 445.031
25.3421 -7.57108 440.44
26.8325 -7.53629 435.125
28.0035 -7.5023 429.52
28.5859 -7.47375 425.979
29.1736 -7.44421 422.205
29.7462 -7.38408 418.18
30.5323 -7.35033 413.047
31.3267 -7.29403 407.817
31.9792 -7.28501 403.587
32.5812 -7.24244 399.395
33.1005 -7.21404 395.16
33.4668 -7.19995 392.004
33.868 -7.17412 388.011
34.476 -7.0942 383.253
35.2233 -7.05608 378.875
36.0681 -7.06922 374.886
37.1982 -7.02201 370.579
38.2416 -6.97529 364.626
38.7548 -6.87716 359.143
39.1505 -6.84448 355.196
39.6734 -6.81476 350.902
40.298 -6.76593 346.278
40.8267 -6.74556 342.39
41.3804 -6.72617 338.369
42.1263 -6.70779 333.371
42.7413 -6.68513 329.492
43.2332 -6.65809 326.489
43.7703 -6.63749 323.57
44.1639 -6.64713 321.601
-99.7376 -0.204915 229.066
-101.981 -0.118583 227.771
-103.575 -0.0448006 225.502
-104.479 0.0235432 222.23
-105.141 0.111779 217.727
-106.393 0.233421 214.557
-107.947 0.351109 212.59
-109.679 0.411307 211.314
-111.621 0.471479 210.399
-114.968 0.61619 209.66
-117.843 0.69507 209.454
-121.459 0.823817 209.29
-125.201 0.971298 209.041
-128.62 1.1305 208.752
-131.725 1.24804 208.377
-135.92 1.42684 207.798
-140.273 1.55212 207.178
-144.71 1.68192 206.538
-149.167 1.79721 206.024
-153.676 1.93563 205.595
-158.828 2.06814 205.159
-162.845 2.18805 204.937
-167.421 2.34711 204.666
-171.546 2.44826 204.556
-175.197 2.54149 204.945
-177.738 2.60872 205.94
-179.316 2.61945 207.136
-181.166 2.67382 209.535
-182.142 2.68484 212.824
-182.475 2.69972 217.237
-182.65 2.71093 219.996
-182.842 2.70663 223.051
-183.148 2.73814 226.354
-183.498 2.7432 229.875
-183.855 2.74388 233.577
-184.254 2.74863 237.411
-184.664 2.77166 241.353
-185.088 2.78086 245.254
-185.572 2.79706 249.314
-186.014 2.79433 253.303
-186.353 2.76603 256.275
-186.691 2.74019 259.307
-187.065 2.68441 263.255
-187.387 2.66283 267.153
-187.63 2.6326 270.065
-187.995 2.58766 273.926
-188.2 2.58378 275.852
-188.468 2.56315 278.699
-188.744 2.53774 281.523
-189.008 2.52691 284.318
-189.301 2.50123 288.057
-189.534 2.47358 291.681
-189.75 2.47144 294.418
-190.011 2.45522 297.197
-190.373 2.42659 300.948
-190.759 2.3699 304.724
-191.065 2.28717 308.645
-191.481 2.25189 312.422
-191.872 2.22229 316.117
-192.328 2.1632 319.861
-192.823 2.10464 323.589
-193.169 2.10864 326.373
-193.557 2.11772 329.081
-193.94 2.11745 331.702
-194.319 2.0957 334.199
-194.746 2.07126 337.364
-195.151 2.04358 341.036
-195.332 1.99154 344.325
-195.32 1.92697 347.367
-194.543 1.83674 350.536
-193.127 1.75633 352.657
-189.711 1.67366 354.713
-185.427 1.56403 355.558
-180.942 1.47729 356.046
-176.371 1.34243 356.482
-172.034 1.19237 356.885
-167.403 1.07628 357.347
-163.701 0.996976 357.751
-159.939 0.892262 358.154
-157.07 0.814713 358.443
-154.206 0.731469 358.68
-151.286 0.658159 358.916
-147.432 0.572512 359.226
-143.414 0.50319 359.431
-139.423 0.4056 359.635
-134.524 0.311805 359.833
-129.623 0.199909 360.025
-125.142 0.0965818 360.481
-121.871 -0.0348944 360.843
-118.828 -0.138383 361.25
-115.934 -0.269457 361.661
-111.97 -0.361221 362.293
-107.18 -0.40666 363.048
-101.92 -0.543837 363.619
-97.07 -0.648416 363.815
-92.9601 -0.770075 363.914
-88.5734 -0.934044 364.084
-85.0475 -1.0596 364.361
-80.5991 -1.18578 364.779
-77.0752 -1.29252 365.182
-73.4777 -1.38646 365.586
-69.8673 -1.52464 366.003
-66.2207 -1.65557 366.337
-64.4105 -1.71735 366.492
-61.6308 -1.80254 366.72
-58.86 -1.90307 366.939
-54.3371 -2.08613 367.319
-50.9216 -2.2074 367.651
-47.0381 -2.30616 368.083
-44.1907 -2.37442 368.482
-41.5098 -2.44003 368.835
-38.432 -2.57846 369.282
-36.7009 -2.62834 369.495
-35.0284 -2.68647 369.452
-33.018 -2.76788 368.924
-30.4855 -2.90708 366.992
-28.6096 -2.90476 363.463
-27.9001 -2.86025 357.377
-27.4811 -2.8101 351.701
-26.8685 -2.77819 345.728
-26.4178 -2.73212 341.026
-26.1136 -2.70223 337.132
-25.6542 -2.6793 332.081
-25.3266 -2.66186 327.901
-25.0037 -2.64432 323.651
-24.6708 -2.63519 319.337
-24.3545 -2.58583 315.075
-24.1038 -2.57172 311.937
-23.8001 -2.5556 307.817
-23.4743 -2.52245 303.737
68.4805 -4.39456 161.72
68.3775 -4.34096 157.619
68.1972 -4.30082 154.318
67.7749 -4.22211 149.424
67.2149 -4.17504 145.43
66.655 -4.109 142.226
65.9107 -4.0159 138.221
65.1091 -3.92313 134.177
64.2438 -3.87269 130.13
63.3337 -3.78813 126.009
62.4591 -3.71267 121.734
61.6162 -3.62874 117.598
60.827 -3.56601 113.53
60.0673 -3.48008 109.71
59.268 -3.42924 106.093
58.3796 -3.3717 102.21
57.741 -3.30801 99.2929
57.1018 -3.30065 95.6757
56.5597 -3.29361 93.2916
55.8966 -3.24505 91.5966
54.7942 -3.17865 90.102
53.6985 -3.12809 89.2277
51.9298 -3.06582 88.4419
47.9293 -2.86625 87.9252
43.7464 -2.70774 88.248
40.2518 -2.55567 88.6339
36.4714 -2.42118 88.9202
34.1472 -2.29476 89.0391
31.0002 -2.18339 89.047
27.7875 -2.07746 88.9286
-3.07727 -0.496199 48.7261
-2.70506 -0.460266 43.8375
-2.43864 -0.443511 39.8269
-2.17104 -0.405511 35.8341
-1.79589 -0.338808 30.9367
-1.55508 -0.281579 27.0917
-1.31073 -0.267689 23.2921
-1.01382 -0.243193 19.5449
-0.752412 -0.18881 15.8972
-0.40116 -0.138356 10.7075
-0.209757 -0.0893533 6.61721
-0.0419319 -0.0160485 2.06975
0 0 0
-3.36089 -0.539961 52.5696
-3.72732 -0.568727 57.3583
-4.06443 -0.614571 61.0172
-4.45905 -0.698099 65.2438
-5.03455 -0.762865 70.6876
-5.70604 -0.89951 76.3875
-5.73536 -0.973808 81.4408
-4.27142 -1.00573 84.8788
-2.10141 -1.01968 86.4478
0.340729 -1.08289 87.1952
2.77523 -1.14581 87.5204
5.18892 -1.23359 87.716
7.98258 -1.30724 87.8264
12.7023 -1.45111 88.014
18.0969 -1.63084 88.2866
23.7517 -1.90821 88.6601
68.5729 -4.39887 165.027
68.6197 -4.42096 167.442
68.5857 -4.41273 169.967
68.4636 -4.41342 173.326
68.3187 -4.42095 175.798
68.1224 -4.3963 178.291
67.8676 -4.39462 181.767
67.6345 -4.41737 185.153
67.2878 -4.47113 189.343
67.0757 -4.48334 191.825
66.8606 -4.48454 194.256
66.6538 -4.51007 196.69
66.4364 -4.52242 198.946
66.1561 -4.58477 202.324
65.9024 -4.65596 206.323
65.8518 -4.72325 210.199
65.7744 -4.77626 214.789
65.7115 -4.81118 217.488
65.5583 -4.7873 220.95
65.4228 -4.79429 224.452
65.2474 -4.81688 227.866
65.1257 -4.83568 229.88
64.9809 -4.90706 232.46
64.8582 -4.91695 234.699
64.4428 -4.93076 237.265
63.885 -5.00108 238.922
62.6694 -5.0375 240.708
61.4085 -5.00586 241.785
60.3305 -4.94837 242.389
58.3721 -4.80388 243.01
56.0979 -4.70133 243.165
54.5556 -4.61465 243.108
52.945 -4.52986 242.954
48.5173 -4.34807 242.562
45.5136 -4.23825 242.36
42.1725 -4.10606 242.176
38.6271 -3.9658 241.966
35.1145 -3.8638 241.706
32.4579 -3.75335 241.498
29.8269 -3.62436 241.271
27.2179 -3.54002 241.016
23.8446 -3.43811 240.717
20.4796 -3.32713 240.417
17.2068 -3.23458 240.182
12.3443 -3.09078 239.738
9.17374 -3.00652 239.371
6.10563 -2.90151 238.974
3.20288 -2.80429 238.579
-0.0872718 -2.71569 238.124
-4.21844 -2.56879 237.768
-7.48073 -2.47347 237.542
-13.747 -2.33417 237.759
-16.7988 -2.2691 239.455
-18.3737 -2.22091 241.92
-19.1312 -2.19929 244.98
-19.4909 -2.20418 248.726
-19.6989 -2.20792 252.277
-19.8848 -2.23485 256.187
-20.1485 -2.25808 260.391
-20.4532 -2.23755 264.953
-20.8029 -2.25597 269.884
-21.095 -2.26891 273.941
-21.3401 -2.28669 278.132
-21.6772 -2.32665 282.26
-22.0396 -2.37468 286.47
-22.4781 -2.41624 291.614
-22.802 -2.47364 295.669
-23.0694 -2.48459 298.76
-97.8515 -0.272117 229.596
-95.0658 -0.367852 230.116
-91.7186 -0.512997 230.564
-88.4917 -0.644282 230.95
-85.6071 -0.753071 231.254
-83.2623 -0.847958 231.505
-80.0643 -0.96428 231.804
-77.6147 -1.05755 232.033
-75.094 -1.19187 232.249
-72.4913 -1.32378 232.466
-69.8554 -1.45864 232.716
-67.277 -1.58749 232.963
-64.7454 -1.74569 233.212
-61.3203 -1.91185 233.593
-57.0386 -2.14273 234.112
-53.7436 -2.29061 234.496
-51.3256 -2.40544 234.787
-47.3653 -2.59834 235.299
-43.6884 -2.78645 235.807
-40.2708 -2.9557 236.301
-36.9281 -3.09608 236.746
-33.4112 -3.28497 237.168
-28.6742 -3.49266 237.375
-24.8749 -3.66048 236.762
-22.9242 -3.74037 235.776
-21.372 -3.79361 234.152
-20.1811 -3.89829 231.607
-19.5016 -3.95827 228.12
-19.1418 -3.98305 224.573
-18.8911 -4.00613 220.568
-18.6141 -4.02397 216.076
-18.3336 -4.0677 212.189
-18.0411 -4.1213 209.102
-17.6203 -4.1768 204.861
-17.2667 -4.22484 201.549
-16.7331 -4.29031 197.091
-16.2101 -4.31956 192.531
-15.8082 -4.38192 189.102
-15.2496 -4.47632 184.45
-14.7891 -4.52448 179.676
-14.4514 -4.58695 176.057
-14.1026 -4.63084 172.298
-13.7578 -4.68417 168.506
-13.4267 -4.72866 164.707
-13.0348 -4.81786 160.858
-12.6932 -4.87531 157.043
-12.3236 -4.94056 153.135
-11.9981 -5.00097 149.24
-11.5889 -5.07256 145.389
-11.2153 -5.14652 141.549
-10.8049 -5.23126 137.693
-10.2351 -5.26617 132.693
-9.85269 -5.31192 128.952
-9.4289 -5.33944 125.218
-9.02658 -5.38806 121.583
-8.54587 -5.4644 116.99
-8.10041 -5.55595 112.7
-7.71663 -5.62596 108.789
-7.28597 -5.72126 104.296
-6.842 -5.78694 99.6901
-6.03685 -5.82683 96.0108
-4.46301 -5.94483 93.0941
-3.40695 -5.96839 91.9089
-2.20385 -5.99476 90.9114
0.0657478 -6.02543 89.887
2.5365 -6.06571 89.4967
5.66731 -6.14977 89.4444
7.96595 -6.22542 89.5174
11.1142 -6.32117 89.5877
13.913 -6.42264 89.6542
18.5223 -6.5017 89.9194
23.6065 -6.66378 90.6361
28.8109 -6.86074 91.3185
32.1957 -6.99419 91.5682
35.5773 -7.12663 91.6342
38.0996 -7.2291 91.6067
41.5114 -7.37807 91.4983
45.0362 -7.50001 91.442
48.7371 -7.64613 91.4418
53.2431 -7.83261 91.2519
56.6883 -7.99137 90.7771
60.0943 -8.12843 89.9878
63.4741 -8.21834 89.0139
66.8596 -8.30394 87.9643
70.3564 -8.44007 86.9424
73.7758 -8.57027 85.7302
77.2366 -8.70726 84.3578
80.805 -8.86354 82.7596
84.4283 -9.02525 81.1812
87.9436 -9.18769 79.5475
91.3693 -9.32771 77.7762
94.6182 -9.47686 75.8491
96.9765 -9.61351 74.2877
99.161 -9.70372 72.6761
102.629 -9.88458 70.0875
106.492 -10.0886 67.3432
110.511 -10.3015 64.6802
113.719 -10.4406 62.3371
116.555 -10.5587 60.2199
119.57 -10.6606 58.1667
122.899 -10.7856 56.0672
125.686 -10.8945 54.2567
128.635 -11.0236 52.3416
131.695 -11.1715 50.3305
135.735 -11.3356 47.6604
138.162 -11.4185 46.0751
140.558 -11.5028 44.4987
142.992 -11.6099 42.9431
145.377 -11.7133 41.435
147.797 -11.7885 39.8754
151.005 -11.9008 37.8119
153.296 -12.0093 36.262
156.252 -12.1754 34.3091
159.061 -12.3212 32.4483
161.689 -12.4626 30.671
164.439 -12.5932 28.6909
166.933 -12.7405 27.0908
170.635 -12.9335 25.938
173.543 -13.062 25.8414
175.988 -13.1405 25.9816
178.577 -13.2207 26.1392
181.279 -13.3079 26.2415
184.107 -13.433 26.2668
187.025 -13.5555 26.2261
189.263 -13.6472 26.1907
191.535 -13.7525 26.1487
193.861 -13.8457 26.1432
196.196 -13.9478 26.0996
197.77 -14.0036 26.1091
199.315 -14.0732 26.0776
200.786 -14.1774 26.0249
204.043 -14.3491 25.9695
208.246 -14.5392 25.8668
211.554 -14.6819 25.7726
214.904 -14.8457 25.7732
217.353 -14.9621 25.7422
220.719 -15.1276 25.7016
224.122 -15.2734 25.6412
227.638 -15.4457 25.5716
232.114 -15.618 25.5474
235.666 -15.7765 25.468
238.352 -15.9063 25.4163
240.988 -16.025 25.3496
243.624 -16.1585 25.2476
245.355 -16.2749 25.171
248.006 -16.4227 25.0964
252.414 -16.6598 25.0693
255.741 -16.8321 25.061
258.163 -16.9591 25.0754
260.439 -17.0652 25.0691
263.314 -17.2156 25.06
266.61 -17.4213 24.9869
269.057 -17.5514 24.757
272.128 -17.6965 24.319
275.33 -17.8747 23.7761
277.822 -17.9652 24.0784
279.746 -18.0452 25.2068
280.914 -18.0513 26.9841
281.898 -18.0038 30.6013
282.303 -17.9169 34.982
282.302 -17.8161 39.4979
282.236 -17.7408 42.8662
282.193 -17.6862 46.5146
282.227 -17.6072 50.2852
282.267 -17.573 53.17
282.289 -17.4708 58.1699
282.308 -17.4246 62.1877
282.278 -17.3231 66.2944
282.293 -17.2361 69.3213
282.329 -17.1326 74.3337
282.368 -17.036 78.3592
282.481 -16.8932 84.4571
282.463 -16.797 88.4508
282.465 -16.7559 91.4528
282.432 -16.7432 95.4554
282.463 -16.6533 100.549
282.532 -16.5901 104.538
282.636 -16.569 108.513
282.74 -16.4989 112.551
282.983 -16.4482 116.58
283.31 -16.385 120.5
283.666 -16.331 124.467
283.96 -16.2939 127.333
284.194 -16.2646 130.16
284.396 -16.2102 132.982
284.719 -16.1735 136.639
285.089 -16.0832 140.906
285.738 -16.0006 146.451
286.879 -15.9387 152.494
287.496 -15.8597 157.881
286.523 -15.7814 161.439
284.486 -15.6301 164.134
282.02 -15.4758 165.831
278.23 -15.2595 167.414
273.97 -15.0613 169.073
269.299 -14.8734 170.969
265.16 -14.7043 172.822
261.653 -14.5361 174.4
257.237 -14.3783 176.489
252.962 -14.2304 178.8
248.781 -14.074 181.291
244.584 -13.8643 183.732
240.211 -13.658 185.971
235.734 -13.4581 188.17
231.22 -13.2758 190.118
226.749 -13.0515 192.017
223.173 -12.9294 193.503
219.683 -12.8091 195.038
215.41 -12.6338 196.895
212.215 -12.5049 198.304
209.099 -12.3637 199.663
205.582 -12.2697 201.121
201.252 -12.1443 202.817
196.943 -11.9953 204.653
192.095 -11.7986 207.767
188.756 -11.6532 209.979
184.861 -11.4134 212.209
180.861 -11.2512 214.188
175.796 -11.0134 216.491
171.13 -10.8452 218.606
166.3 -10.5912 220.753
161.659 -10.388 222.969
156.33 -10.1742 225.36
151.834 -9.98087 227.336
146.318 -9.79642 228.82
142.485 -9.65484 228.683
138.143 -9.41305 227.987
133.949 -9.17221 227.299
129.91 -8.95628 226.625
125.46 -8.75949 226.071
120.699 -8.53837 225.521
116.655 -8.38338 225.018
112.591 -8.21685 224.523
109.602 -8.12631 224.098
106.581 -7.99974 223.653
103.605 -7.88878 223.199
100.724 -7.78372 222.774
96.89 -7.6514 222.216
94.0378 -7.58038 221.845
90.2388 -7.45735 221.325
87.3894 -7.35553 220.962
84.706 -7.27741 220.524
82.0589 -7.16004 220.133
79.52 -7.06503 219.698
77.2383 -6.96944 219.271
73.7549 -6.80952 218.748
69.4939 -6.56336 218.753
66.0994 -6.42274 219.448
63.5675 -6.29454 220.805
61.5449 -6.20129 222.882
60.3456 -6.18007 224.991
59.4764 -6.19035 227.449
59.0237 -6.20855 229.509
58.6511 -6.23055 231.73
58.2926 -6.24056 234.697
57.9319 -6.24109 237.862
57.6192 -6.26968 240.218
57.3753 -6.30031 242.668
57.1625 -6.34284 244.321
56.7999 -6.35303 246.884
56.3967 -6.34386 249.528
56.0769 -6.36423 251.407
55.7607 -6.37576 253.35
55.488 -6.38604 255.278
55.2425 -6.37606 257.242
54.8479 -6.40795 260.247
54.2366 -6.38162 264.388
53.5806 -6.3814 268.653
53.1141 -6.38461 271.83
52.6279 -6.40393 274.958
52.1399 -6.40446 278.082
51.5028 -6.46386 282.187
51.0047 -6.47302 285.299
50.4091 -6.51758 289.363
49.9444 -6.54686 292.433
49.5097 -6.56324 295.465
49.0357 -6.56435 298.392
48.5038 -6.52632 301.395
48.0007 -6.53151 304.311
47.4726 -6.58329 307.216
46.8749 -6.61056 310.121
46.2291 -6.62106 313.034
45.2358 -6.64713 316.88
44.5872 -6.65567 319.698
